    Point Forecast    Lo 80    Hi 80    Lo 95    Hi 95
151       103.7855 66.59720 140.9738 46.91090 160.6601
152       103.7855 65.80844 141.7626 45.70459 161.8664
153       103.7855 65.03573 142.5353 44.52283 163.0482
154       103.7855 64.27813 143.2929 43.36419 164.2068
155       103.7855 63.53479 144.0362 42.22734 165.3437
156       103.7855 62.80492 144.7661 41.11112 166.4599
157       103.7855 62.08784 145.4832 40.01442 167.5566
158       103.7855 61.38287 146.1881 38.93628 168.6347
159       103.7855 60.68944 146.8816 37.87576 169.6953
160       103.7855 60.00699 147.5640 36.83204 170.7390
