 Call:
 stl(x = serie, s.window = "periodic")

Components
           seasonal    trend     remainder
Jan  1 -0.021912077 1920.028 -6.226619e-03
Feb  1 -0.029832128 1920.107  6.201145e-03
Mar  1 -0.037752180 1920.186  1.862891e-02
Apr  1 -0.031707094 1920.265  1.646256e-02
May  1 -0.025662008 1920.345  1.429621e-02
Jun  1 -0.008248348 1920.425  1.367378e-05
Jul  1  0.009165312 1920.505 -1.426886e-02
Aug  1  0.022811699 1920.586 -2.515819e-02
Sep  1  0.036458086 1920.666 -3.604752e-02
Oct  1  0.033785643 1920.749 -3.236772e-02
Nov  1  0.031113199 1920.831 -2.868791e-02
Dec  1  0.021779897 1920.916 -2.100824e-02
Jan  2 -0.021912077 1921.001  2.103011e-02
Feb  2 -0.029832128 1921.085  2.769441e-02
Mar  2 -0.037752180 1921.170  3.435871e-02
Apr  2 -0.031707094 1921.253  2.874213e-02
May  2 -0.025662008 1921.336  2.312555e-02
Jun  2 -0.008248348 1921.417  7.446194e-03
Jul  2  0.009165312 1921.499 -8.233162e-03
Aug  2  0.022811699 1921.581 -2.061452e-02
Sep  2  0.036458086 1921.663 -3.299588e-02
Oct  2  0.033785643 1921.747 -3.084190e-02
Nov  2  0.031113199 1921.831 -2.868791e-02
Dec  2  0.021779897 1921.916 -2.100824e-02
Jan  3 -0.021912077 1922.001  2.103011e-02
Feb  3 -0.029832128 1922.085  2.769441e-02
Mar  3 -0.037752180 1922.170  3.435871e-02
Apr  3 -0.031707094 1922.253  2.874213e-02
May  3 -0.025662008 1922.336  2.312555e-02
Jun  3 -0.008248348 1922.417  7.446194e-03
Jul  3  0.009165312 1922.499 -8.233162e-03
Aug  3  0.022811699 1922.581 -2.061452e-02
Sep  3  0.036458086 1922.663 -3.299588e-02
Oct  3  0.033785643 1922.747 -3.084190e-02
Nov  3  0.031113199 1922.831 -2.868791e-02
Dec  3  0.021779897 1922.916 -2.100824e-02
Jan  4 -0.021912077 1923.001  2.103011e-02
Feb  4 -0.029832128 1923.085  2.769441e-02
Mar  4 -0.037752180 1923.170  3.435871e-02
Apr  4 -0.031707094 1923.253  2.874213e-02
May  4 -0.025662008 1923.336  2.312555e-02
Jun  4 -0.008248348 1923.417  7.446194e-03
Jul  4  0.009165312 1923.499 -8.233162e-03
Aug  4  0.022811699 1923.581 -2.061452e-02
Sep  4  0.036458086 1923.663 -3.299588e-02
Oct  4  0.033785643 1923.747 -3.084190e-02
Nov  4  0.031113199 1923.831 -2.868791e-02
Dec  4  0.021779897 1923.916 -2.100824e-02
Jan  5 -0.021912077 1924.001  2.103011e-02
Feb  5 -0.029832128 1924.085  2.769441e-02
Mar  5 -0.037752180 1924.170  3.435871e-02
Apr  5 -0.031707094 1924.253  2.874213e-02
May  5 -0.025662008 1924.336  2.312555e-02
Jun  5 -0.008248348 1924.417  7.446194e-03
Jul  5  0.009165312 1924.499 -8.233162e-03
Aug  5  0.022811699 1924.581 -2.061452e-02
Sep  5  0.036458086 1924.663 -3.299588e-02
Oct  5  0.033785643 1924.747 -3.084190e-02
Nov  5  0.031113199 1924.831 -2.868791e-02
Dec  5  0.021779897 1924.916 -2.100824e-02
Jan  6 -0.021912077 1925.001  2.103011e-02
Feb  6 -0.029832128 1925.085  2.769441e-02
Mar  6 -0.037752180 1925.170  3.435871e-02
Apr  6 -0.031707094 1925.253  2.874213e-02
May  6 -0.025662008 1925.336  2.312555e-02
Jun  6 -0.008248348 1925.417  7.446194e-03
Jul  6  0.009165312 1925.499 -8.233162e-03
Aug  6  0.022811699 1925.581 -2.061452e-02
Sep  6  0.036458086 1925.663 -3.299588e-02
Oct  6  0.033785643 1925.747 -3.084190e-02
Nov  6  0.031113199 1925.831 -2.868791e-02
Dec  6  0.021779897 1925.916 -2.100824e-02
Jan  7 -0.021912077 1926.001  2.103011e-02
Feb  7 -0.029832128 1926.085  2.769441e-02
Mar  7 -0.037752180 1926.170  3.435871e-02
Apr  7 -0.031707094 1926.253  2.874213e-02
May  7 -0.025662008 1926.336  2.312555e-02
Jun  7 -0.008248348 1926.417  7.446193e-03
Jul  7  0.009165312 1926.499 -8.233163e-03
Aug  7  0.022811699 1926.581 -2.061452e-02
Sep  7  0.036458086 1926.663 -3.299588e-02
Oct  7  0.033785643 1926.747 -3.084190e-02
Nov  7  0.031113199 1926.831 -2.868791e-02
Dec  7  0.021779897 1926.916 -2.100824e-02
Jan  8 -0.021912077 1927.001  2.103011e-02
Feb  8 -0.029832128 1927.085  2.769441e-02
Mar  8 -0.037752180 1927.170  3.435871e-02
Apr  8 -0.031707094 1927.253  2.874213e-02
May  8 -0.025662008 1927.336  2.312555e-02
Jun  8 -0.008248348 1927.417  7.446193e-03
Jul  8  0.009165312 1927.499 -8.233163e-03
Aug  8  0.022811699 1927.581 -2.061452e-02
Sep  8  0.036458086 1927.663 -3.299588e-02
Oct  8  0.033785643 1927.747 -3.084189e-02
Nov  8  0.031113199 1927.831 -2.868791e-02
Dec  8  0.021779897 1927.916 -2.100824e-02
Jan  9 -0.021912077 1928.001  2.103011e-02
Feb  9 -0.029832128 1928.085  2.769441e-02
Mar  9 -0.037752180 1928.170  3.435871e-02
Apr  9 -0.031707094 1928.253  2.874213e-02
May  9 -0.025662008 1928.336  2.312555e-02
Jun  9 -0.008248348 1928.417  7.446193e-03
Jul  9  0.009165312 1928.499 -8.233163e-03
Aug  9  0.022811699 1928.581 -2.061452e-02
Sep  9  0.036458086 1928.663 -3.299588e-02
Oct  9  0.033785643 1928.747 -3.084189e-02
Nov  9  0.031113199 1928.831 -2.868791e-02
Dec  9  0.021779897 1928.916 -2.100824e-02
Jan 10 -0.021912077 1929.001  2.103011e-02
Feb 10 -0.029832128 1929.085  2.769441e-02
Mar 10 -0.037752180 1929.170  3.435871e-02
Apr 10 -0.031707094 1929.253  2.874213e-02
May 10 -0.025662008 1929.336  2.312555e-02
Jun 10 -0.008248348 1929.417  7.446193e-03
Jul 10  0.009165312 1929.499 -8.233163e-03
Aug 10  0.022811699 1929.581 -2.061452e-02
Sep 10  0.036458086 1929.663 -3.299588e-02
Oct 10  0.033785643 1929.747 -3.084189e-02
Nov 10  0.031113199 1929.831 -2.868791e-02
Dec 10  0.021779897 1929.916 -2.100824e-02
Jan 11 -0.021912077 1930.001  2.103011e-02
Feb 11 -0.029832128 1930.085  2.769441e-02
Mar 11 -0.037752180 1930.170  3.435871e-02
Apr 11 -0.031707094 1930.253  2.874213e-02
May 11 -0.025662008 1930.336  2.312555e-02
Jun 11 -0.008248348 1930.417  7.446193e-03
Jul 11  0.009165312 1930.499 -8.233164e-03
Aug 11  0.022811699 1930.581 -2.061452e-02
Sep 11  0.036458086 1930.663 -3.299588e-02
Oct 11  0.033785643 1930.747 -3.084189e-02
Nov 11  0.031113199 1930.831 -2.868791e-02
Dec 11  0.021779897 1930.916 -2.100824e-02
Jan 12 -0.021912077 1931.001  2.103011e-02
Feb 12 -0.029832128 1931.085  2.769441e-02
Mar 12 -0.037752180 1931.170  3.435871e-02
Apr 12 -0.031707094 1931.253  2.874213e-02
May 12 -0.025662008 1931.336  2.312555e-02
Jun 12 -0.008248348 1931.417  7.446193e-03
Jul 12  0.009165312 1931.499 -8.233164e-03
Aug 12  0.022811699 1931.581 -2.061452e-02
Sep 12  0.036458086 1931.663 -3.299588e-02
Oct 12  0.033785643 1931.747 -3.084189e-02
Nov 12  0.031113199 1931.831 -2.868791e-02
Dec 12  0.021779897 1931.916 -2.100824e-02
Jan 13 -0.021912077 1932.001  2.103011e-02
Feb 13 -0.029832128 1932.085  2.769441e-02
Mar 13 -0.037752180 1932.170  3.435871e-02
Apr 13 -0.031707094 1932.253  2.874213e-02
May 13 -0.025662008 1932.336  2.312555e-02
Jun 13 -0.008248348 1932.417  7.446192e-03
Jul 13  0.009165312 1932.499 -8.233164e-03
Aug 13  0.022811699 1932.581 -2.061452e-02
Sep 13  0.036458086 1932.663 -3.299588e-02
Oct 13  0.033785643 1932.747 -3.084189e-02
Nov 13  0.031113199 1932.831 -2.868791e-02
Dec 13  0.021779897 1932.916 -2.100824e-02
Jan 14 -0.021912077 1933.001  2.103011e-02
Feb 14 -0.029832128 1933.085  2.769441e-02
Mar 14 -0.037752180 1933.170  3.435871e-02
Apr 14 -0.031707094 1933.253  2.874213e-02
May 14 -0.025662008 1933.336  2.312555e-02
Jun 14 -0.008248348 1933.417  7.446192e-03
Jul 14  0.009165312 1933.499 -8.233164e-03
Aug 14  0.022811699 1933.581 -2.061452e-02
Sep 14  0.036458086 1933.663 -3.299588e-02
Oct 14  0.033785643 1933.747 -3.084189e-02
Nov 14  0.031113199 1933.831 -2.868791e-02
Dec 14  0.021779897 1933.916 -2.100824e-02
Jan 15 -0.021912077 1934.001  2.103011e-02
Feb 15 -0.029832128 1934.085  2.769441e-02
Mar 15 -0.037752180 1934.170  3.435871e-02
Apr 15 -0.031707094 1934.253  2.874213e-02
May 15 -0.025662008 1934.336  2.312555e-02
Jun 15 -0.008248348 1934.417  7.446192e-03
Jul 15  0.009165312 1934.499 -8.233164e-03
Aug 15  0.022811699 1934.581 -2.061452e-02
Sep 15  0.036458086 1934.663 -3.299588e-02
Oct 15  0.033785643 1934.747 -3.084189e-02
Nov 15  0.031113199 1934.831 -2.868791e-02
Dec 15  0.021779897 1934.916 -2.100824e-02
Jan 16 -0.021912077 1935.001  2.103011e-02
Feb 16 -0.029832128 1935.085  2.769441e-02
Mar 16 -0.037752180 1935.170  3.435871e-02
Apr 16 -0.031707094 1935.253  2.874213e-02
May 16 -0.025662008 1935.336  2.312555e-02
Jun 16 -0.008248348 1935.417  7.446192e-03
Jul 16  0.009165312 1935.499 -8.233165e-03
Aug 16  0.022811699 1935.581 -2.061452e-02
Sep 16  0.036458086 1935.663 -3.299588e-02
Oct 16  0.033785643 1935.747 -3.084189e-02
Nov 16  0.031113199 1935.831 -2.868791e-02
Dec 16  0.021779897 1935.916 -2.100824e-02
Jan 17 -0.021912077 1936.001  2.103011e-02
Feb 17 -0.029832128 1936.085  2.769441e-02
Mar 17 -0.037752180 1936.170  3.435871e-02
Apr 17 -0.031707094 1936.253  2.874213e-02
May 17 -0.025662008 1936.336  2.312555e-02
Jun 17 -0.008248348 1936.417  7.446192e-03
Jul 17  0.009165312 1936.499 -8.233165e-03
Aug 17  0.022811699 1936.581 -2.061452e-02
Sep 17  0.036458086 1936.663 -3.299588e-02
Oct 17  0.033785643 1936.747 -3.084189e-02
Nov 17  0.031113199 1936.831 -2.868791e-02
Dec 17  0.021779897 1936.916 -2.100824e-02
Jan 18 -0.021912077 1937.001  2.103011e-02
Feb 18 -0.029832128 1937.085  2.769441e-02
Mar 18 -0.037752180 1937.170  3.435871e-02
Apr 18 -0.031707094 1937.253  2.874213e-02
May 18 -0.025662008 1937.336  2.312555e-02
Jun 18 -0.008248348 1937.417  7.446192e-03
Jul 18  0.009165312 1937.499 -8.233165e-03
Aug 18  0.022811699 1937.581 -2.061452e-02
Sep 18  0.036458086 1937.663 -3.299588e-02
Oct 18  0.033785643 1937.747 -3.084189e-02
Nov 18  0.031113199 1937.831 -2.868791e-02
Dec 18  0.021779897 1937.916 -2.100824e-02
Jan 19 -0.021912077 1938.001  2.103011e-02
Feb 19 -0.029832128 1938.085  2.769441e-02
Mar 19 -0.037752180 1938.170  3.435871e-02
Apr 19 -0.031707094 1938.253  2.874213e-02
May 19 -0.025662008 1938.336  2.312555e-02
Jun 19 -0.008248348 1938.417  7.446191e-03
Jul 19  0.009165312 1938.499 -8.233165e-03
Aug 19  0.022811699 1938.581 -2.061452e-02
Sep 19  0.036458086 1938.663 -3.299588e-02
Oct 19  0.033785643 1938.747 -3.084189e-02
Nov 19  0.031113199 1938.831 -2.868791e-02
Dec 19  0.021779897 1938.916 -2.100824e-02
Jan 20 -0.021912077 1939.001  2.103011e-02
Feb 20 -0.029832128 1939.085  2.769441e-02
Mar 20 -0.037752180 1939.170  3.435871e-02
Apr 20 -0.031707094 1939.251  3.119733e-02
May 20 -0.025662008 1939.331  2.803595e-02
Jun 20 -0.008248348 1939.411  1.346452e-02
Jul 20  0.009165312 1939.492 -1.106902e-03
Aug 20  0.022811699 1939.572 -1.125104e-02
Sep 20  0.036458086 1939.652 -2.139518e-02
Oct 20  0.033785643 1939.731 -1.449917e-02
Nov 20  0.031113199 1939.810 -7.603149e-03
Dec 20  0.021779897 1939.889  6.361208e-03
